10 14
000
德怀楼
我校为纪念开校元勋彭大元帅，特铸雕像。该后楼宇故/\t命名为德怀楼，以此纪念
001
柏林园
太原市七所四星级公园之一，西倚二龙山，南临汾河水，毗邻太原名胜窦大夫祠，青山碧水，风景旖旎
002
二龙山
二龙山又名烈石山，西临汾河，地势险要，是太原的北大门
003
科艺苑
内部含学术报告厅，有学生工作办公区,润学讲坛和大型晚会以及赛事宣传的举办地
004
文瀛餐厅
坐落于西区，饭菜量多便宜，适合学生消费
005
红房子
是校内居民居住区，以其外墙为红色，清新靓丽而得名
006
体育场
主体育场坐落在西区，每年的开学典礼，运动会，军训以及体育赛事等重大活动举报之地
007
图书馆
坐落在校园中央，学校图书馆馆舍总面积46707.48平方米，馆藏图书200多万册
008
行知广场
位于中北大学主楼之前，是新生报到中北大学的始点,以中北校训"致知于行"得名
009
Z瑜
学校对外发展交流学术的主要场所
0 1 210
1 2 320
2 3 430
3 4 100
0 4 630
1 4 240
3 5 200
4 5 120
5 6 220
6 7 50
7 9 530
6 9 550
6 8 300
8 9 610